50
1 99 1
79 
1 
3 13 1
10 4 5 
1 1 1 
3 41 3
1 22 8 
2 1 3 
4 70 3
64 24 7 8 
2 2 2 2 
3 34 2
24 13 25 
1 2 2 
9 24 5
14 22 10 7 5 11 19 21 18 
2 3 5 3 4 4 1 1 2 
7 40 5
40 17 20 30 38 38 34 
5 4 2 2 2 2 4 
5 38 3
31 7 20 5 29 
3 3 2 2 2 
4 19 3
18 6 16 7 
1 3 2 1 
9 42 4
34 9 15 33 21 15 1 41 17 
2 2 4 3 4 3 4 2 1 
3 65 3
20 7 27 
3 2 1 
9 96 8
81 42 84 37 93 48 82 72 68 
6 8 3 1 5 8 4 3 7 
6 24 5
15 18 20 11 10 5 
3 5 2 1 1 2 
4 99 2
41 8 36 82 
1 2 1 2 
4 60 1
26 55 10 21 
1 1 1 1 
4 52 2
40 16 23 49 
2 2 1 2 
3 58 2
24 34 27 
2 2 1 
5 58 4
44 47 18 21 22 
1 2 2 1 3 
6 56 1
38 38 35 34 44 3 
1 1 1 1 1 1 
10 87 5
38 82 85 61 76 49 24 43 78 86 
1 1 2 3 5 1 5 1 3 3 
4 52 4
16 39 25 39 
3 2 1 4 
9 65 3
65 38 64 65 62 7 62 57 53 
1 2 2 3 3 1 2 1 3 
10 23 10
16 10 17 12 13 19 21 18 14 6 
8 4 2 1 10 5 3 5 5 7 
8 99 8
76 64 4 17 39 36 5 71 
4 2 3 3 4 1 8 7 
4 38 3
30 1 4 4 
1 1 1 3 
7 33 3
20 8 27 10 18 13 29 
1 2 2 1 1 3 1 
3 55 1
53 41 26 
1 1 1 
8 38 7
36 3 1 37 4 33 8 38 
4 2 6 3 4 4 3 1 
3 69 3
56 57 4 
1 3 1 
10 92 4
5 67 8 85 82 58 55 87 24 82 
3 2 3 2 1 2 1 1 3 2 
2 18 2
14 12 
1 2 
10 66 3
58 57 50 37 27 15 64 39 58 15 
2 1 2 2 2 2 2 1 1 1 
6 31 6
27 18 25 14 17 11 
2 4 6 5 3 2 
4 61 4
23 56 53 9 
4 3 1 3 
3 68 3
43 59 8 
3 3 1 
8 64 1
44 12 46 34 54 64 52 61 
1 1 1 1 1 1 1 1 
6 71 3
39 65 29 11 68 42 
2 3 3 2 2 1 
4 17 4
16 9 15 15 
1 1 2 1 
8 68 8
4 24 49 54 33 15 23 55 
5 8 8 6 2 3 3 1 
3 87 3
48 2 25 
1 3 1 
5 82 2
18 26 6 79 22 
1 2 1 2 1 
6 36 1
2 2 29 1 30 28 
1 1 1 1 1 1 
6 14 5
2 3 5 8 1 10 
2 4 1 2 3 5 
5 23 2
6 7 13 7 9 
2 2 2 1 2 
4 34 2
26 19 31 26 
1 1 1 2 
1 27 1
22 
1 
10 47 5
21 15 1 39 39 4 39 34 10 41 
3 5 5 1 5 1 5 3 5 4 
1 84 1
14 
1 
8 62 5
13 45 16 54 25 36 4 27 
3 3 2 2 5 5 4 1 
3 28 2
23 9 20 
1 2 1 
