11
0100000000001001001000011111101101010100010001000010110100011000
1100000000010000110011001100110011001100110011001100110011001101
0100000101100110111100011101101011001111110111001100011000111111
0100000000000101101111110000101010001011000001001001000110011011
0011111111100010011110001000110011111100011011111011011000011001
0011111111101101010011111001011100010011111010000001001101011101
0011111111110011001110111010000000000100111100000000011000100001
1100000000111000000000000000000000000000000000000000000000000000
0100000010011111011100001100111000001100101001011010101011001010
1100000001010011011010100011110101110000101000111101011100001010
1100000100101110001100000000010001100000110110011100000110110111